year,state,district,R_votes,D_votes,other_votes,total_votes,T_votes
2008,AL,1,185579,116904,2135,304618,2135
2008,AL,2,182618,107669,1751,292038,1751
2008,AL,3,161154,124973,2468,288595,2468
2008,AL,4,205362,60207,3881,269450,3881
2008,AL,5,190225,117838,4221,312284,4221
2008,AL,6,268791,78150,3329,350270,3329
2008,AL,7,72801,207732,1151,281684,1151
2008,AK,AL,193841,123594,8762,326197,8762
2008,AZ,1,157160,127790,3848,288798,3848
2008,AZ,2,183414,114190,4279,301883,4279
2008,AZ,3,152829,116636,3422,272887,3422
2008,AZ,4,56694,92234,1651,150579,1651
2008,AZ,5,150067,137177,3362,290606,3362
2008,AZ,6,259863,164592,4068,428523,4068
2008,AZ,7,88313,120924,2491,211728,2491
2008,AZ,8,181771,161164,4141,347076,4141
2008,AR,1,145340,95102,7185,247627,7185
2008,AR,2,161540,131891,5855,299286,5855
2008,AR,3,185055,96485,6894,288434,6894
2008,AR,4,146082,98832,6356,251270,6356
2008,CA,1,96530,199835,7670,304035,7670
2008,CA,2,161636,125291,6618,293545,6618
2008,CA,3,164025,165617,6313,335955,6313
2008,CA,4,206385,167604,7493,381482,7493
2008,CA,5,67625,165776,4709,238110,4709
2008,CA,6,73345,253087,6613,333045,6613
2008,CA,7,66272,179037,4285,249594,4285
2008,CA,8,38665,266210,6449,311324,6449
2008,CA,9,29186,260662,5919,295767,5919
2008,CA,10,104628,204138,5604,314370,5604
2008,CA,11,139863,169183,5143,314189,5143
2008,CA,12,69029,214850,4898,288777,4898
2008,CA,13,56299,175838,4270,236407,4270
2008,CA,14,72707,213671,5883,292261,5883
2008,CA,15,75753,174571,4937,255261,4937
2008,CA,16,63975,154324,3585,221884,3585
2008,CA,17,61163,171180,4743,237086,4743
2008,CA,18,68629,104299,3075,176003,3075
2008,CA,19,141013,124533,4805,270351,4805
2008,CA,20,50146,77158,2180,129484,2180
2008,CA,21,125347,93578,3433,222358,3433
2008,CA,22,172792,110910,5400,289102,5400
2008,CA,23,85261,172348,5123,262732,5123
2008,CA,24,151678,160738,5650,318066,5650
2008,CA,25,131201,134222,5986,271409,5986
2008,CA,26,137329,149249,5885,292463,5885
2008,CA,27,75286,157100,5219,237605,5219
2008,CA,28,42815,147958,3492,194265,3492
2008,CA,29,71860,159947,4840,236647,4840
2008,CA,30,95869,242022,5710,343601,5710
2008,CA,31,25441,113941,3280,142662,3280
2008,CA,32,52356,119726,3557,175639,3557
2008,CA,33,27672,205470,3539,236681,3539
2008,CA,34,33056,106695,3023,142774,3023
2008,CA,35,27789,165761,2923,196473,2923
2008,CA,36,92105,176924,5754,274783,5754
2008,CA,37,36940,157219,3388,197547,3388
2008,CA,38,48599,130092,3846,182537,3846
2008,CA,39,63680,128579,4117,196376,4117
2008,CA,40,125066,114025,4763,243854,4763
2008,CA,41,147982,119255,5890,273127,5890
2008,CA,42,152256,128474,4996,285726,4996
2008,CA,43,49594,112020,3216,164830,3216
2008,CA,44,131003,133535,4973,269511,4973
2008,CA,45,129664,142305,4251,276220,4251
2008,CA,46,150937,145393,6239,302569,6239
2008,CA,47,48461,77144,2415,128020,2415
2008,CA,48,160584,163063,5959,329606,5959
2008,CA,49,137739,117283,4805,259827,4805
2008,CA,50,158845,172962,5616,337423,5616
2008,CA,51,76438,135960,3002,215400,3002
2008,CA,52,161332,135848,4827,302007,4827
2008,CA,53,77930,177863,5101,260894,5101
2008,CO,1,72573,222009,4637,299219,4637
2008,CO,2,125048,235165,6136,366349,6136
2008,CO,3,170852,162254,5648,338754,5648
2008,CO,4,171981,169113,6244,347338,6244
2008,CO,5,189498,129095,4992,323585,4992
2008,CO,6,229791,202122,5925,437838,5925
2008,CO,7,113848,168819,5615,288282,5615
2008,CT,1,108572,218794,4404,331770,4404
2008,CT,2,139945,204220,5056,349221,5056
2008,CT,3,117114,201741,3953,322808,3953
2008,CT,4,126819,190996,2130,319945,2130
2008,CT,5,136978,182021,4054,323053,4054
2008,DE,AL,152374,255459,4783,412616,4783
2008,DC,AL,17367,245800,2686,265853,2686
2008,FL,1,234185,112793,4349,351327,4349
2008,FL,2,199591,163954,4207,367752,4207
2008,FL,3,60062,169406,1636,231104,1636
2008,FL,4,233446,143324,3765,380535,3765
2008,FL,5,257083,199755,5770,462608,5770
2008,FL,6,228651,174701,4662,408014,4662
2008,FL,7,213831,183619,4516,401966,4516
2008,FL,8,168842,189402,2742,360986,2742
2008,FL,9,190367,169933,4597,364897,4597
2008,FL,10,151025,164255,4897,320177,4897
2008,FL,11,89793,178935,2691,271419,2691
2008,FL,12,168399,163745,3112,335256,3112
2008,FL,13,199216,178967,4525,382708,4525
2008,FL,14,226967,169067,3827,399861,3827
2008,FL,15,200229,186597,4638,391464,4638
2008,FL,16,192431,175017,4038,371486,4038
2008,FL,17,29764,209859,900,240523,900
2008,FL,18,123191,128763,1797,253751,1797
2008,FL,19,115740,223233,2253,341226,2253
2008,FL,20,106391,186974,2242,295607,2242
2008,FL,21,127412,122036,1232,250680,1232
2008,FL,22,162126,175889,2642,340657,2642
2008,FL,23,39578,194488,1152,235218,1152
2008,FL,24,197541,189895,3937,391373,3937
2008,FL,25,129940,127290,1382,258612,1382
2008,GA,1,167122,96818,2149,266089,2149
2008,GA,2,111559,130109,1322,242990,1322
2008,GA,3,235263,129895,3178,368336,3178
2008,GA,4,54868,208874,1974,265716,1974
2008,GA,5,63053,249297,2734,315084,2734
2008,GA,6,227701,133716,4301,365718,4301
2008,GA,7,212721,140009,3710,356440,3710
2008,GA,8,162376,123877,1978,288231,1978
2008,GA,9,225929,70366,3611,299906,3611
2008,GA,10,183441,113915,2773,300129,2773
2008,GA,11,204275,103112,3987,311374,3987
2008,GA,12,120150,143624,1733,265507,1733
2008,GA,13,80327,200567,2180,283074,2180
2008,HI,1,61116,152990,3103,217209,3103
2008,HI,2,59450,172881,4028,236359,4028
2008,ID,1,220787,128134,8210,357131,8210
2008,ID,2,183022,108693,7387,299102,7387
2008,IL,1,37472,251102,1587,290161,1587
2008,IL,2,28748,262750,1347,292845,1347
2008,IL,3,86406,158161,3203,247770,3203
2008,IL,4,19777,126399,1866,148042,1866
2008,IL,5,63733,181458,3383,248574,3383
2008,IL,6,115339,152127,3737,271203,3737
2008,IL,7,34481,260925,1935,297341,1935
2008,IL,8,130384,170333,4208,304925,4208
2008,IL,9,69081,189497,3202,261780,3202
2008,IL,10,114035,181071,2801,297907,2801
2008,IL,11,148600,175808,5080,329488,5080
2008,IL,12,131443,170391,4994,306828,4994
2008,IL,13,156695,191306,4148,352149,4148
2008,IL,14,145345,181329,4445,331119,4445
2008,IL,15,152222,143965,5264,301451,5264
2008,IL,16,145795,168503,5396,319694,5396
2008,IL,17,118163,160104,4031,282298,4031
2008,IL,18,156898,151687,5095,313680,5095
2008,IL,19,176342,142316,5615,324273,5615
2008,IN,1,111895,184871,2582,299348,2582
2008,IN,2,126801,153369,3347,283517,3347
2008,IN,3,162183,123571,2727,288481,2727
2008,IN,4,185847,142933,3557,332337,3557
2008,IN,5,218967,149745,3399,372111,3399
2008,IN,6,151605,133473,3933,289011,3933
2008,IN,7,76530,191381,2056,269967,2056
2008,IN,8,151570,140063,3727,295360,3727
2008,IN,9,160250,154633,3930,318813,3930
2008,IA,1,122629,175394,3138,301161,3138
2008,IA,2,122395,190973,3970,317338,3970
2008,IA,3,143771,173932,4239,321942,4239
2008,IA,4,142396,166104,4251,312751,4251
2008,IA,5,151188,122537,3166,276891,3166
2008,KS,1,184501,79638,4813,268952,4813
2008,KS,2,170635,134337,6013,310985,6013
2008,KS,3,177814,187372,5186,370372,5186
2008,KS,4,166705,113418,5440,285563,5440
2008,KY,1,176807,104626,4424,285857,4424
2008,KY,2,188955,118700,4473,312128,4473
2008,KY,3,150552,193260,3393,347205,3393
2008,KY,4,189008,118773,5086,312867,5086
2008,KY,5,162614,75815,4241,242670,4241
2008,KY,6,180526,140811,4444,325781,4444
2008,LA,1,221781,78325,4868,304974,4868
2008,LA,2,46205,137748,1873,185826,1873
2008,LA,3,167046,101428,5411,273885,5411
2008,LA,4,162198,108273,3152,273623,3152
2008,LA,5,177277,106097,3718,287092,3718
2008,LA,6,184422,132556,4297,321275,4297
2008,LA,7,188576,105117,4953,298646,4953
2008,ME,1,144604,232145,6877,383626,6877
2008,ME,2,150669,189778,7090,347537,7090
2008,MD,1,215918,147543,7136,370597,7136
2008,MD,2,113929,178241,5684,297854,5684
2008,MD,3,128593,192690,6523,327806,6523
2008,MD,4,45014,270377,2486,317877,2486
2008,MD,5,119020,233917,4520,357457,4520
2008,MD,6,200475,139744,7528,347747,7528
2008,MD,7,59183,234422,3929,297534,3929
2008,MD,8,77730,232533,4461,314724,4461
2008,MA,1,102645,196565,8271,307481,8271
2008,MA,2,117742,179466,7647,304855,7647
2008,MA,3,117862,175951,7019,300832,7019
2008,MA,4,107758,198079,6952,312789,6952
2008,MA,5,117877,176547,6117,300541,6117
2008,MA,6,136116,192995,7182,336293,7182
2008,MA,7,99062,193130,6840,299032,6840
2008,MA,8,33104,205113,4550,242767,4550
2008,MA,9,120394,188887,6243,315524,6243
2008,MA,10,156294,197365,7241,360900,7241
2008,MI,1,160131,166195,6543,332869,6543
2008,MI,2,179427,167607,5838,352872,5838
2008,MI,3,171255,169183,5999,346437,5999
2008,MI,4,163810,170277,5869,339956,5869
2008,MI,5,113020,207485,5257,325762,5257
2008,MI,6,144734,177314,5562,327610,5562
2008,MI,7,154653,172046,5905,332604,5905
2008,MI,8,172344,198205,6413,376962,6413
2008,MI,9,155279,202275,4984,362538,4984
2008,MI,10,179768,173920,6938,360626,6938
2008,MI,11,163958,197857,6115,367930,6115
2008,MI,12,108752,212850,5626,327228,5626
2008,MI,13,34231,200387,1933,236551,1933
2008,MI,14,36444,232473,2127,271044,2127
2008,MI,15,110833,224505,5861,341199,5861
2008,MN,1,158967,173884,8384,341235,8384
2008,MN,2,198960,193213,7681,399854,7681
2008,MN,3,175728,200240,6111,382079,6111
2008,MN,4,113600,217984,6835,338419,6835
2008,MN,5,81757,254796,7088,343641,7088
2008,MN,6,219936,183950,8519,412405,8519
2008,MN,7,162941,154140,8177,325258,8177
2008,MN,8,163520,195147,8811,367478,8811
2008,MS,1,217671,134066,3475,355212,3475
2008,MS,2,100211,196582,1708,298501,1708
2008,MS,3,209255,130793,2571,342619,2571
2008,MS,4,197460,93221,2852,293533,2852
2008,MO,1,59911,246451,2849,309211,2849
2008,MO,2,215175,172368,3839,391382,3839
2008,MO,3,124537,189730,4589,318856,4589
2008,MO,4,188312,117708,4813,310833,4813
2008,MO,5,111373,199405,3413,314191,3413
2008,MO,6,182692,152318,5955,340965,5955
2008,MO,7,207911,116666,5076,329653,5076
2008,MO,8,174564,102682,4688,281934,4688
2008,MO,9,181339,144583,5199,331121,5199
2008,MT,AL,243882,232159,16709,492750,16709
2008,NE,1,148179,121411,4303,273893,4303
2008,NE,2,135439,138809,3561,277809,3561
2008,NE,3,169361,73099,4282,246742,4282
2008,NV,1,85170,158357,5136,248663,5136
2008,NV,2,167904,167816,8417,344137,8417
2008,NV,3,159626,207475,7719,374820,7719
2008,NH,1,164403,186370,3026,353799,3026
2008,NH,2,152131,198456,3225,353812,3225
2008,NJ,1,103992,198196,3687,305875,3687
2008,NJ,2,137448,165983,3967,307398,3967
2008,NJ,3,162339,181004,3828,347171,3828
2008,NJ,4,169848,150975,3914,324737,3914
2008,NJ,5,179781,152506,3428,335715,3428
2008,NJ,6,98959,149400,2791,251150,2791
2008,NJ,7,165430,177471,4016,346917,4016
2008,NJ,8,93734,165346,2098,261178,2098
2008,NJ,9,99144,158933,2270,260347,2270
2008,NJ,10,30192,208151,1048,239391,1048
2008,NJ,11,182604,154300,3253,340157,3253
2008,NJ,12,139367,198145,3575,341087,3575
2008,NJ,13,50369,155012,1750,207131,1750
2008,NM,1,119342,180833,873,301048,873
2008,NM,2,118063,114928,3298,236289,3298
2008,NM,3,109427,176661,3456,289544,3456
2008,NY,1,153625,165975,3032,322632,3032
2008,NY,2,125978,164106,2272,292356,2272
2008,NY,3,164682,149995,2654,317331,2654
2008,NY,4,122166,171346,1945,295457,1945
2008,NY,5,73143,128276,1431,202850,1431
2008,NY,6,22302,185890,598,208790,598
2008,NY,7,38170,148242,943,187355,943
2008,NY,8,63769,184682,2121,250572,2121
2008,NY,9,88307,111237,1533,201077,1533
2008,NY,10,19677,205929,608,226214,608
2008,NY,11,20709,206656,999,228364,999
2008,NY,12,23504,154394,1283,179181,1283
2008,NY,13,112491,108439,1558,222488,1558
2008,NY,14,56946,212802,2402,272150,2402
2008,NY,15,14954,226049,1522,242525,1522
2008,NY,16,8437,158671,335,167443,335
2008,NY,17,66027,172479,1312,239818,1312
2008,NY,18,112214,184182,2294,298690,2294
2008,NY,19,153424,160645,3100,317169,3100
2008,NY,20,157879,167827,5286,330992,5286
2008,NY,21,123378,179322,5733,308433,5733
2008,NY,22,111896,168598,4168,284662,4168
2008,NY,23,119943,133367,4112,257422,4112
2008,NY,24,133277,139832,4743,277852,4743
2008,NY,25,135931,177780,5216,318927,5216
2008,NY,26,166890,148588,4570,320048,4570
2008,NY,27,127249,156635,5144,289028,5144
2008,NY,28,81445,184132,3332,268909,3332
2008,NY,29,153432,146698,3966,304096,3966
2008,NC,1,105738,177941,1288,284967,1288
2008,NC,2,141840,155681,2397,299918,2397
2008,NC,3,190093,117178,2456,309727,2456
2008,NC,4,159427,275205,4305,438937,4305
2008,NC,5,203076,126556,4208,333840,4208
2008,NC,6,212011,122291,3525,337827,3525
2008,NC,7,167888,150071,2747,320706,2747
2008,NC,8,135234,152261,2222,289717,2222
2008,NC,9,212250,174410,3043,389703,3043
2008,NC,10,191580,108496,3501,303577,3501
2008,NC,11,179061,159772,4746,343579,4746
2008,NC,12,89790,218599,2033,310422,2033
2008,NC,13,140486,204190,3193,347869,3193
2008,ND,AL,168887,141403,7448,317738,7448
2008,OH,1,134682,165816,3177,303675,3177
2008,OH,2,201494,137736,4662,343892,4662
2008,OH,3,170174,156699,4858,331731,4858
2008,OH,4,180233,114981,6012,301226,6012
2008,OH,5,166215,141039,6271,313525,6271
2008,OH,6,150865,142850,6313,300028,6313
2008,OH,7,172627,143712,5238,321577,5238
2008,OH,8,191065,119889,5538,316492,5538
2008,OH,9,113615,195399,4963,313977,4963
2008,OH,10,115025,174598,4289,293912,4289
2008,OH,11,41601,245342,1899,288842,1899
2008,OH,12,171044,209516,4773,385333,4773
2008,OH,13,138197,186811,4546,329554,4546
2008,OH,14,169416,168838,5140,343394,5140
2008,OH,15,149890,173311,5685,328886,5685
2008,OH,16,161070,152721,6368,320159,6368
2008,OH,17,106137,182740,6084,294961,6084
2008,OH,18,150470,128046,6864,285380,6864
2008,OK,1,205329,114446,0,319775,0
2008,OK,2,174351,91481,0,265832,0
2008,OK,3,210104,78434,0,288538,0
2008,OK,4,200192,101418,0,301610,0
2008,OK,5,170189,116717,0,286906,0
2008,OR,1,135975,228817,10086,374878,10086
2008,OR,2,193002,154848,10473,358323,10473
2008,OR,3,93931,260128,10144,364203,10144
2008,OR,4,161079,201143,11698,373920,11698
2008,OR,5,154488,192355,9697,356540,9697
2008,PA,1,34276,256940,1364,292580,1364
2008,PA,2,31584,298834,1435,331853,1435
2008,PA,3,143433,143416,4066,290915,4066
2008,PA,4,185239,149851,3407,338497,3407
2008,PA,5,152946,123503,3944,280393,3944
2008,PA,6,148231,207911,3516,359658,3516
2008,PA,7,157367,203407,3502,364276,3502
2008,PA,8,160695,192570,3905,357170,3905
2008,PA,9,176023,98430,3368,277821,3368
2008,PA,10,155864,131345,3600,290809,3600
2008,PA,11,121559,164451,3229,289239,3229
2008,PA,12,133414,132580,3915,269909,3915
2008,PA,13,132249,191180,3057,326486,3057
2008,PA,14,87296,210507,2946,300749,2946
2008,PA,15,139396,179589,4158,323143,4158
2008,PA,16,161844,150341,2719,314904,2719
2008,PA,17,158841,148104,3881,310826,3881
2008,PA,18,187771,151006,3271,342048,3271
2008,PA,19,187857,142398,3698,333953,3698
2008,RI,1,75807,148302,3701,227810,3701
2008,RI,2,89584,148269,4104,241957,4104
2008,SC,1,196389,146919,4298,347606,4298
2008,SC,2,189949,159063,3567,352579,3567
2008,SC,3,188316,103434,3803,295553,3803
2008,SC,4,190113,119259,5254,314626,5254
2008,SC,5,167072,144267,3635,314974,3635
2008,SC,6,103057,189507,2829,295393,2829
2008,SD,AL,203054,170924,7997,381975,7997
2008,TN,1,182499,75255,3836,261590,3836
2008,TN,2,195146,104166,4586,303898,4586
2008,TN,3,174372,103878,3603,281853,3603
2008,TN,4,173892,92964,4581,271437,4581
2008,TN,5,127795,166231,3620,297646,3620
2008,TN,6,190364,112575,4739,307678,4739
2008,TN,7,229068,121272,3374,353714,3374
2008,TN,8,148050,112943,3338,264331,3338
2008,TN,9,57993,198153,1456,257602,1456
2008,TX,1,184560,81749,1436,267745,1436
2008,TX,2,159165,105745,1484,266394,1484
2008,TX,3,171119,124027,2032,297178,2032
2008,TX,4,213968,93439,2259,309666,2259
2008,TX,5,158356,90135,1548,250039,1548
2008,TX,6,172061,114133,1863,288057,1863
2008,TX,7,173162,121472,2082,296716,2082
2008,TX,8,215846,74695,2065,292606,2065
2008,TX,9,40240,137619,684,178543,684
2008,TX,10,187503,150716,2941,341160,2941
2008,TX,11,185389,58326,1919,245634,1919
2008,TX,12,171408,99083,2009,272500,2009
2008,TX,13,181541,53860,1786,237187,1786
2008,TX,14,177370,88532,1761,267663,1761
2008,TX,15,67650,101566,931,170147,931
2008,TX,16,60279,118178,1115,179572,1115
2008,TX,17,172822,82326,1992,257140,1992
2008,TX,18,43292,150973,868,195133,868
2008,TX,19,170969,65020,1693,237682,1693
2008,TX,20,64886,115739,1381,182006,1381
2008,TX,21,214669,149395,2952,367016,2952
2008,TX,22,183172,129414,1976,314562,1976
2008,TX,23,118391,124995,1634,245020,1634
2008,TX,24,153758,124128,1858,279744,1858
2008,TX,25,118197,176022,3392,297611,3392
2008,TX,26,193132,137613,2213,332958,2213
2008,TX,27,84366,97830,1283,183479,1283
2008,TX,28,80741,103458,999,185198,999
2008,TX,29,40884,66808,681,108373,681
2008,TX,30,37465,170826,827,209118,827
2008,TX,31,172570,124608,2879,300057,2879
2008,TX,32,110397,96203,1573,208173,1573
2008,UT,1,197457,103737,9175,310369,9175
2008,UT,2,202534,138790,9583,350907,9583
2008,UT,3,196063,85143,9904,291110,9904
2008,VT,AL,98974,219262,6810,325046,6810
2008,VA,1,193273,179442,3652,376367,3652
2008,VA,2,136725,142257,2991,281973,2991
2008,VA,3,72249,229822,2223,304294,2223
2008,VA,4,173358,178795,3087,355240,3087
2008,VA,5,164874,157362,3621,325857,3621
2008,VA,6,182573,134212,3869,320654,3869
2008,VA,7,205949,177789,3648,387386,3648
2008,VA,8,100234,234203,3594,338031,3594
2008,VA,9,160430,108220,4596,273246,4596
2008,VA,10,179337,205964,4025,389326,4025
2008,VA,11,156003,211466,3417,370886,3417
2008,WA,1,130343,226526,5911,362780,5911
2008,WA,2,151992,202480,7415,361887,7415
2008,WA,3,159803,183306,6898,350007,6898
2008,WA,4,159904,111423,5127,276454,5127
2008,WA,5,171426,152921,8283,332630,8283
2008,WA,6,128681,182446,6545,317672,6545
2008,WA,7,55200,308226,5536,368962,5536
2008,WA,8,155900,210998,5779,372677,5779
2008,WA,9,115837,172318,5298,293453,5298
2008,WV,1,141016,103096,4279,248391,4279
2008,WV,2,142112,113853,4175,260140,4175
2008,WV,3,114933,87178,4011,206122,4011
2008,WI,1,177162,191901,4281,373344,4281
2008,WI,2,123495,286089,5054,414638,5054
2008,WI,3,150618,213211,5327,369156,5327
2008,WI,4,73447,234468,3108,311023,3108
2008,WI,5,243597,174174,4191,421962,4191
2008,WI,6,176871,181198,4996,363065,4996
2008,WI,7,152507,200562,5624,358693,5624
2008,WI,8,164696,195608,4711,365015,4711
2008,WY,AL,164958,82868,6832,254658,6832
